              7256926408
                                    7898311524
                                    8205271493
                                    8013091441
                                    7768480804
                                    6888672033
                                    4912783488
                                    4225639721
                                    4331376236
                                    3869292211
                                    3189887834
                                    3417026963
                                    3027968127
                                    2858947092
                                    3107926040
                                    3103695954
                                    3211048823
                                    3142753813
                                    2761433893
                                    2349535726
                                    2183549482
                                    2230533289
                                    1417821339
                                    1637708073
                                    1266283607
                                    5988893992
                                    8042702208
                                    8227468696
                                    5741971138
                                    3465496556
                                    2669039429
                                    2369912754
                                    2246398143
                                    2363796887
                                    1817948231
                                    1228552064
                                    1838957806
                                    7036813115
                                    6670653085
                                    7570319503
                                    7180265546
                                    5008275170
                                    3890183879
                                    3292382235
                                    2839266181
                                    2464448236
                                    2395222151
                                    2322506349
                                    1825193369
                                    1123910807
                                    4426338472
                                    7525397600
                                    3456591670
                                    1414173030
                                    1664883621
                                    1142269142
                                     794250955
                                    6464200979
                                    8602037207
                                    4050361104
                                    1651147966
                                    1558829050
                                    1806624303
                                     991044311
                                    5769525797
                                    6074460038
                      1.188790442600000000e+10
                                    8911496557
                                    4988650073
                                    1312130361
                                     939893493
                                    4183606403
                      1.607901307900000000e+10
                      1.882632320200000000e+10
                                    8058043153
                      1.378320917800000000e+10
                                    8601755018
                                    6484499020
                      1.140139691100000000e+10
                      1.151954814500000000e+10
                                    7986637310
                      1.140719104400000000e+10
                                    5070333922
                                    6043065892
                      1.203261558800000000e+10
                                    7546814115
                                    8097556674
                      1.074831589700000000e+10
                                    8550106742
                                    7194379140
                      1.213399332000000000e+10
                                    3648026229
                                    1847530794
                                    1291385604
                                    5460138518
                      1.531619253400000000e+10
                                    9884705852
                      1.003653629100000000e+10
                      1.130457318500000000e+10
                                    5854056695
                                    1175589432
                                     884428507
                                     691707941
                                    5670042678
                                    5553896884
                                    9470302484
                                    8220196637
                                    5500112418
                                    5835652077
                                    4470294021
                                    7650894120
                                    5455642441
                                    3241204542
                                    6169969168
                                    4439104623
                                    2582575542
                                    2032147400
                                    1888323471
                                    2981753386
                                    4393687219
                                    4626798261
                                    5096237019
                                    9689263021
                                    4458406503
                                    7982207142
                                    6597374771
                                    3356530305
                                    1769345002
                                    1709289656
                                    1376078979
                                    1229132574
                                    1149200400
                                    1054441380
                                    1016563927
                                     922181484
                                     867387682
                                     898398719
                                     900339268
                                     857635415
                                     806352479
                                     667088502
                                     599975204
                                    5666035711
                                    4846780418
                                    7702535187
                                    2354393985
                                    4065976242
                                    3592868808
                                     738611236
                                    1478424685
                                     793061931
                                     511621813
                                    1578998126
                                    4587794732
                                    3456882843
                                    3771010570
                                    2776116619
                                     434462272
                                     398501828
                                    1059655892
                                    2806510550
                                    2591432509
                                    1686486773
                                    4542553737
                                    1661548828
                                    1361476240
                                     904596693
                                     679272097
                                     616471461
                                     519242727
                                     409140811
                                    2153159128
                                    2913369193
                                    2762330146
                                     625697798
                                     428539975
                                    1605484567
                                    1217563765
                                     946984055
                                     855505089
                                     760084447
                                     694762540
                                     669291504
                                     638528516
                                     571000693
                                    1031545043
                                     372290912
                                    2222524887
                                    2759831570
                                     455865734
                                    1386322726
                                    2058421936
                                     508179554
                                     911916611
                                    1282805113
                                    1622685528
                                     990456533
                                    1047775257
                                    1232501031
                                    1683116474
                                    1907135024
                                     873155352
                                     950346891
                                     668004719
                                     754384801
                                    1392722007
                                     659547883
                                     301371438
                                    1037308011
                                    1120142961
                                    1296812393
                                    1262559489
                                     742571036
                                     935426655
                                     620547129
                                     463557711
                                     432122885
                                     870032125
                                     994539361
                                     671160072
                                     890704367
                                     874754404
                                     791228816
                                     486343360
                                     620897349
                                     673425639
                                     767416589
                                     759437671
                                     704899957
                                     619315871
                                     853362278
                                     771328478
                                     805411656
                                     763402076
                                     835469543
                                     698485517
                                     716809593
                                     725891429
                                     682442490
                                     649587934
                                     598895990
                                     664031602
                                     519001772
                                     530996014
                                     508206093
                                     402278832
                                     501763992
                                     546875516
                                     456319055
                                     448235995
                                     472991263
                                     475333345
                                     438364029
                                     438396448
                                     428146341
                                     412790315
                                     405376092
                                     434159623
                                     255017933
                                     461191014
                                     359695536
                                     311757294
                                     448332898
                                     348862422
                                     404368806
                                     392456258
                                     352139300
                                     371967246
                                     355630568
                                     294938092
                                     332648735
                                     353760358
                                     342712347
                                     308844361
                                     297512725
                                     276096229
                                     237812467
                                     234589898
                                     213588868
                                     226627671
                                     203753383
                                     219191458
                                     168085214
                                     160142658
                                     168004026
                                     203431673
                                     318975936
